{
    "frames": [
        {
            "fl_x": 391.95611572265625,
            "fl_y": 391.51898193359375,
            "cx": 322.07415771484375,
            "cy": 242.04022216796875,
            "w": 640,
            "h": 480,
            "k1": 0.0,
            "k2": 0.0,
            "k3": 0.0,
            "k4": 0.0,
            "p1": 0.0,
            "p2": 0.0,
            "file_path": "img/frame_00001.png",
            "depth_file_path": "depth/frame_00001.npy",
            "transform_matrix": [
                [
                    -0.971435,
                    0.201076,
                    0.126026,
                    -0.172162
                ],
                [
                    -0.090711,
                    -0.805379,
                    0.585778,
                    0.260078
                ],
                [
                    0.219284,
                    0.557614,
                    0.800613,
                    0.415852
                ],
                [
                    0.0,
                    0.0,
                    0.0,
                    1.0
                ]
            ]
        },
        {
            "fl_x": 616.5684814453125,
            "fl_y": 616.5177001953125,
            "cx": 322.56976318359375,
            "cy": 246.27505493164062,
            "w": 640,
            "h": 480,
            "k1": 0.0,
            "k2": 0.0,
            "k3": 0.0,
            "k4": 0.0,
            "p1": 0.0,
            "p2": 0.0,
            "file_path": "img/frame_00002.png",
            "depth_file_path": "depth/frame_00002.npy",
            "transform_matrix": [
                [
                    0.009898837544067831,
                    0.9748364478570555,
                    0.2227018827418304,
                    -0.08859332398375716
                ],
                [
                    -0.9993949511812547,
                    0.01707042125670915,
                    -0.03030091155014243,
                    -0.0673459007665744
                ],
                [
                    -0.033340682636890814,
                    -0.22226695817317707,
                    0.974415732282415,
                    0.6738285283250466
                ],
                [
                    0.0,
                    0.0,
                    0.0,
                    1.0
                ]
            ]
        },
        {
            "fl_x": 616.5684814453125,
            "fl_y": 616.5177001953125,
            "cx": 322.56976318359375,
            "cy": 246.27505493164062,
            "w": 640,
            "h": 480,
            "k1": 0.0,
            "k2": 0.0,
            "k3": 0.0,
            "k4": 0.0,
            "p1": 0.0,
            "p2": 0.0,
            "file_path": "img/frame_00003.png",
            "depth_file_path": "depth/frame_00003.npy",
            "transform_matrix": [
                [
                    0.08128387560173239,
                    0.9749849008675373,
                    0.20687577888154624,
                    -0.11739476664982029
                ],
                [
                    -0.9953804161947497,
                    0.09004937295112492,
                    -0.033297455971827226,
                    -0.09124108885327842
                ],
                [
                    -0.05109417944471409,
                    -0.2032133203297156,
                    0.9778005853316708,
                    0.6624918011630556
                ],
                [
                    0.0,
                    0.0,
                    0.0,
                    1.0
                ]
            ]
        },
        {
            "fl_x": 616.5684814453125,
            "fl_y": 616.5177001953125,
            "cx": 322.56976318359375,
            "cy": 246.27505493164062,
            "w": 640,
            "h": 480,
            "k1": 0.0,
            "k2": 0.0,
            "k3": 0.0,
            "k4": 0.0,
            "p1": 0.0,
            "p2": 0.0,
            "file_path": "img/frame_00004.png",
            "depth_file_path": "depth/frame_00004.npy",
            "transform_matrix": [
                [
                    -0.01665849225674939,
                    0.9827931589035617,
                    0.1839573135083235,
                    -0.16635510134139309
                ],
                [
                    -0.9728099730685273,
                    0.026575409718852035,
                    -0.23007410654705784,
                    -0.2525989650545847
                ],
                [
                    -0.23100456160895044,
                    -0.18278800414314533,
                    0.9556285394651912,
                    0.6120131587233404
                ],
                [
                    0.0,
                    0.0,
                    0.0,
                    1.0
                ]
            ]
        },
        {
            "fl_x": 616.5684814453125,
            "fl_y": 616.5177001953125,
            "cx": 322.56976318359375,
            "cy": 246.27505493164062,
            "w": 640,
            "h": 480,
            "k1": 0.0,
            "k2": 0.0,
            "k3": 0.0,
            "k4": 0.0,
            "p1": 0.0,
            "p2": 0.0,
            "file_path": "img/frame_00005.png",
            "depth_file_path": "depth/frame_00005.npy",
            "transform_matrix": [
                [
                    -0.12575431150467664,
                    0.9849421034732933,
                    0.11863824672689302,
                    -0.20028395612392938
                ],
                [
                    -0.9453600659207281,
                    -0.08271506325180113,
                    -0.3153603322275205,
                    -0.29386709307541414
                ],
                [
                    -0.3007990283400892,
                    -0.151813606652551,
                    0.9415270152300024,
                    0.5819633746084887
                ],
                [
                    0.0,
                    0.0,
                    0.0,
                    1.0
                ]
            ]
        },
        {
            "fl_x": 616.5684814453125,
            "fl_y": 616.5177001953125,
            "cx": 322.56976318359375,
            "cy": 246.27505493164062,
            "w": 640,
            "h": 480,
            "k1": 0.0,
            "k2": 0.0,
            "k3": 0.0,
            "k4": 0.0,
            "p1": 0.0,
            "p2": 0.0,
            "file_path": "img/frame_00006.png",
            "depth_file_path": "depth/frame_00006.npy",
            "transform_matrix": [
                [
                    -0.07294115920560613,
                    0.9973320062697705,
                    -0.0029200081868892766,
                    -0.2964139968999494
                ],
                [
                    -0.9353738990544931,
                    -0.06942536988761969,
                    -0.3467785060917127,
                    -0.3219933419588321
                ],
                [
                    -0.34605651678784705,
                    -0.022562963765463954,
                    0.93794266050862,
                    0.5297498097459159
                ],
                [
                    0.0,
                    0.0,
                    0.0,
                    1.0
                ]
            ]
        },
        {
            "fl_x": 616.5684814453125,
            "fl_y": 616.5177001953125,
            "cx": 322.56976318359375,
            "cy": 246.27505493164062,
            "w": 640,
            "h": 480,
            "k1": 0.0,
            "k2": 0.0,
            "k3": 0.0,
            "k4": 0.0,
            "p1": 0.0,
            "p2": 0.0,
            "file_path": "img/frame_00007.png",
            "depth_file_path": "depth/frame_00007.npy",
            "transform_matrix": [
                [
                    0.005102915403775362,
                    0.985692688812166,
                    -0.16847525489069562,
                    -0.4256784859639682
                ],
                [
                    -0.9289057762600585,
                    -0.05771260559401141,
                    -0.3657907053459767,
                    -0.29256269450297234
                ],
                [
                    -0.3702808064632574,
                    0.15836438496642144,
                    0.9153215508819884,
                    0.507146214044906
                ],
                [
                    0.0,
                    0.0,
                    0.0,
                    1.0
                ]
            ]
        },
        {
            "fl_x": 616.5684814453125,
            "fl_y": 616.5177001953125,
            "cx": 322.56976318359375,
            "cy": 246.27505493164062,
            "w": 640,
            "h": 480,
            "k1": 0.0,
            "k2": 0.0,
            "k3": 0.0,
            "k4": 0.0,
            "p1": 0.0,
            "p2": 0.0,
            "file_path": "img/frame_00008.png",
            "depth_file_path": "depth/frame_00008.npy",
            "transform_matrix": [
                [
                    0.08994174209978308,
                    0.9485329622492296,
                    -0.30363752170131025,
                    -0.5161032792313068
                ],
                [
                    -0.9433273194059453,
                    -0.01665203549625545,
                    -0.3314450254694295,
                    -0.23812886075319745
                ],
                [
                    -0.3194431217610576,
                    0.31624046118188787,
                    0.8932797678463651,
                    0.5031399264216802
                ],
                [
                    0.0,
                    0.0,
                    0.0,
                    1.0
                ]
            ]
        },
        {
            "fl_x": 616.5684814453125,
            "fl_y": 616.5177001953125,
            "cx": 322.56976318359375,
            "cy": 246.27505493164062,
            "w": 640,
            "h": 480,
            "k1": 0.0,
            "k2": 0.0,
            "k3": 0.0,
            "k4": 0.0,
            "p1": 0.0,
            "p2": 0.0,
            "file_path": "img/frame_00009.png",
            "depth_file_path": "depth/frame_00009.npy",
            "transform_matrix": [
                [
                    0.0838719380726446,
                    0.8982800159443229,
                    -0.4313450248116848,
                    -0.5683285470931854
                ],
                [
                    -0.9823660129709414,
                    0.0019477316749616433,
                    -0.18695685825698613,
                    -0.1688121749539244
                ],
                [
                    -0.16709988364303272,
                    0.4394192978743534,
                    0.8826034760060064,
                    0.4981108459050554
                ],
                [
                    0.0,
                    0.0,
                    0.0,
                    1.0
                ]
            ]
        },
        {
            "fl_x": 616.5684814453125,
            "fl_y": 616.5177001953125,
            "cx": 322.56976318359375,
            "cy": 246.27505493164062,
            "w": 640,
            "h": 480,
            "k1": 0.0,
            "k2": 0.0,
            "k3": 0.0,
            "k4": 0.0,
            "p1": 0.0,
            "p2": 0.0,
            "file_path": "img/frame_00010.png",
            "depth_file_path": "depth/frame_00010.npy",
            "transform_matrix": [
                [
                    0.11215182264612031,
                    0.894311231983243,
                    -0.433162131481394,
                    -0.5947638155444078
                ],
                [
                    -0.9885765520275941,
                    0.1445858847503314,
                    0.04255803896561544,
                    -0.025713727518898152
                ],
                [
                    0.10068875810330909,
                    0.4234411911087274,
                    0.9003108764792841,
                    0.5317297179484005
                ],
                [
                    0.0,
                    0.0,
                    0.0,
                    1.0
                ]
            ]
        },
        {
            "fl_x": 616.5684814453125,
            "fl_y": 616.5177001953125,
            "cx": 322.56976318359375,
            "cy": 246.27505493164062,
            "w": 640,
            "h": 480,
            "k1": 0.0,
            "k2": 0.0,
            "k3": 0.0,
            "k4": 0.0,
            "p1": 0.0,
            "p2": 0.0,
            "file_path": "img/frame_00011.png",
            "depth_file_path": "depth/frame_00011.npy",
            "transform_matrix": [
                [
                    -0.34896227753674125,
                    0.8818934439132554,
                    -0.3169999764652428,
                    -0.5789627013723724
                ],
                [
                    -0.9062430490340546,
                    -0.23142754261563267,
                    0.35378692430401953,
                    0.2145042570615634
                ],
                [
                    0.2386393125279879,
                    0.4107375635971312,
                    0.8799693859729087,
                    0.5093162149722985
                ],
                [
                    0.0,
                    0.0,
                    0.0,
                    1.0
                ]
            ]
        },
        {
            "fl_x": 616.5684814453125,
            "fl_y": 616.5177001953125,
            "cx": 322.56976318359375,
            "cy": 246.27505493164062,
            "w": 640,
            "h": 480,
            "k1": 0.0,
            "k2": 0.0,
            "k3": 0.0,
            "k4": 0.0,
            "p1": 0.0,
            "p2": 0.0,
            "file_path": "img/frame_00012.png",
            "depth_file_path": "depth/frame_00012.npy",
            "transform_matrix": [
                [
                    -0.3217976563769488,
                    0.8974192291290548,
                    -0.30180246651770337,
                    -0.5591390885171725
                ],
                [
                    -0.8868634958573655,
                    -0.17408211544011945,
                    0.42798246622872754,
                    0.28929040237503073
                ],
                [
                    0.3315407435232605,
                    0.405381603333583,
                    0.8519076082191118,
                    0.4892275335013762
                ],
                [
                    0.0,
                    0.0,
                    0.0,
                    1.0
                ]
            ]
        },
        {
            "fl_x": 616.5684814453125,
            "fl_y": 616.5177001953125,
            "cx": 322.56976318359375,
            "cy": 246.27505493164062,
            "w": 640,
            "h": 480,
            "k1": 0.0,
            "k2": 0.0,
            "k3": 0.0,
            "k4": 0.0,
            "p1": 0.0,
            "p2": 0.0,
            "file_path": "img/frame_00013.png",
            "depth_file_path": "depth/frame_00013.npy",
            "transform_matrix": [
                [
                    0.01963031440456652,
                    0.9995930218929538,
                    -0.020701188174440995,
                    -0.23920998296434892
                ],
                [
                    -0.9988321550430854,
                    0.018692552379961976,
                    -0.04455008040215238,
                    -0.06887084425501513
                ],
                [
                    -0.04414559273997737,
                    0.021551777570196478,
                    0.9987927934668576,
                    0.7550919843094858
                ],
                [
                    0.0,
                    0.0,
                    0.0,
                    1.0
                ]
            ]
        },
        {
            "fl_x": 616.5684814453125,
            "fl_y": 616.5177001953125,
            "cx": 322.56976318359375,
            "cy": 246.27505493164062,
            "w": 640,
            "h": 480,
            "k1": 0.0,
            "k2": 0.0,
            "k3": 0.0,
            "k4": 0.0,
            "p1": 0.0,
            "p2": 0.0,
            "file_path": "img/frame_00014.png",
            "depth_file_path": "depth/frame_00014.npy",
            "transform_matrix": [
                [
                    -0.686023675185769,
                    0.7223325650110146,
                    0.08721862605257838,
                    -0.20180156045009323
                ],
                [
                    -0.7238222276142623,
                    -0.6897264260622303,
                    0.018947554086670093,
                    0.0011900628439971
                ],
                [
                    0.07384278195015656,
                    -0.050132053259678185,
                    0.9960091337937793,
                    0.7688278336795176
                ],
                [
                    0.0,
                    0.0,
                    0.0,
                    1.0
                ]
            ]
        },
        {
            "fl_x": 616.5684814453125,
            "fl_y": 616.5177001953125,
            "cx": 322.56976318359375,
            "cy": 246.27505493164062,
            "w": 640,
            "h": 480,
            "k1": 0.0,
            "k2": 0.0,
            "k3": 0.0,
            "k4": 0.0,
            "p1": 0.0,
            "p2": 0.0,
            "file_path": "img/frame_00015.png",
            "depth_file_path": "depth/frame_00015.npy",
            "transform_matrix": [
                [
                    -0.9542127543695763,
                    -0.26241319394116475,
                    0.14358781998235023,
                    -0.0820587963837157
                ],
                [
                    0.27399773806187755,
                    -0.9593519541303717,
                    0.06759436165115405,
                    -0.006774416402616917
                ],
                [
                    0.12001298048711578,
                    0.10384239885439031,
                    0.9873266092649832,
                    0.7530152715779134
                ],
                [
                    0.0,
                    0.0,
                    0.0,
                    1.0
                ]
            ]
        },
        {
            "fl_x": 616.5684814453125,
            "fl_y": 616.5177001953125,
            "cx": 322.56976318359375,
            "cy": 246.27505493164062,
            "w": 640,
            "h": 480,
            "k1": 0.0,
            "k2": 0.0,
            "k3": 0.0,
            "k4": 0.0,
            "p1": 0.0,
            "p2": 0.0,
            "file_path": "img/frame_00016.png",
            "depth_file_path": "depth/frame_00016.npy",
            "transform_matrix": [
                [
                    0.729112494027137,
                    0.6843764120841779,
                    -0.004904853030169264,
                    -0.24453058945604406
                ],
                [
                    -0.6804632999820894,
                    0.7241396271982338,
                    -0.11221038053851981,
                    -0.1586541023177687
                ],
                [
                    -0.07324291761674392,
                    0.08515178772046322,
                    0.9936725144901378,
                    0.747156265641994
                ],
                [
                    0.0,
                    0.0,
                    0.0,
                    1.0
                ]
            ]
        },
        {
            "fl_x": 616.5684814453125,
            "fl_y": 616.5177001953125,
            "cx": 322.56976318359375,
            "cy": 246.27505493164062,
            "w": 640,
            "h": 480,
            "k1": 0.0,
            "k2": 0.0,
            "k3": 0.0,
            "k4": 0.0,
            "p1": 0.0,
            "p2": 0.0,
            "file_path": "img/frame_00017.png",
            "depth_file_path": "depth/frame_00017.npy",
            "transform_matrix": [
                [
                    0.9989645950014726,
                    0.04469628622029809,
                    0.008476049248798193,
                    -0.17681149487241468
                ],
                [
                    -0.042932529841984785,
                    0.9878613400151695,
                    -0.1492875731043853,
                    -0.2093898067583837
                ],
                [
                    -0.015046340582048167,
                    0.1487693347082885,
                    0.9887576397898196,
                    0.7378431195588504
                ],
                [
                    0.0,
                    0.0,
                    0.0,
                    1.0
                ]
            ]
        },
        {
            "fl_x": 616.5684814453125,
            "fl_y": 616.5177001953125,
            "cx": 322.56976318359375,
            "cy": 246.27505493164062,
            "w": 640,
            "h": 480,
            "k1": 0.0,
            "k2": 0.0,
            "k3": 0.0,
            "k4": 0.0,
            "p1": 0.0,
            "p2": 0.0,
            "file_path": "img/frame_00018.png",
            "depth_file_path": "depth/frame_00018.npy",
            "transform_matrix": [
                [
                    0.8135883333787203,
                    -0.552384063676931,
                    0.1815087219574309,
                    -0.13532032236579394
                ],
                [
                    0.5794996543465982,
                    0.7958389793892692,
                    -0.17555832135331562,
                    -0.20436980993604648
                ],
                [
                    -0.04747663585606812,
                    0.24801666300554726,
                    0.9675919350604296,
                    0.7440735422920388
                ],
                [
                    0.0,
                    0.0,
                    0.0,
                    1.0
                ]
            ]
        },
        {
            "fl_x": 616.5684814453125,
            "fl_y": 616.5177001953125,
            "cx": 322.56976318359375,
            "cy": 246.27505493164062,
            "w": 640,
            "h": 480,
            "k1": 0.0,
            "k2": 0.0,
            "k3": 0.0,
            "k4": 0.0,
            "p1": 0.0,
            "p2": 0.0,
            "file_path": "img/frame_00019.png",
            "depth_file_path": "depth/frame_00019.npy",
            "transform_matrix": [
                [
                    0.10837948071460494,
                    -0.9800873231344613,
                    0.16638115502979,
                    -0.17298246260626798
                ],
                [
                    0.9854409745061102,
                    0.08386493405255276,
                    -0.14789466322777517,
                    -0.1320810194818699
                ],
                [
                    0.13099553608608372,
                    0.17998781046361825,
                    0.974907571504446,
                    0.5895209559079245
                ],
                [
                    0.0,
                    0.0,
                    0.0,
                    1.0
                ]
            ]
        },
        {
            "fl_x": 616.5684814453125,
            "fl_y": 616.5177001953125,
            "cx": 322.56976318359375,
            "cy": 246.27505493164062,
            "w": 640,
            "h": 480,
            "k1": 0.0,
            "k2": 0.0,
            "k3": 0.0,
            "k4": 0.0,
            "p1": 0.0,
            "p2": 0.0,
            "file_path": "img/frame_00020.png",
            "depth_file_path": "depth/frame_00020.npy",
            "transform_matrix": [
                [
                    0.10082805041700023,
                    -0.9885502260331736,
                    0.11225929745480923,
                    -0.2304891528941452
                ],
                [
                    0.9850223954024407,
                    0.08332595441234951,
                    -0.15095609434039442,
                    -0.12978492113166443
                ],
                [
                    0.1398729471868818,
                    0.1257987916437694,
                    0.9821458144560034,
                    0.49978119410605565
                ],
                [
                    0.0,
                    0.0,
                    0.0,
                    1.0
                ]
            ]
        },
        {
            "fl_x": 616.5684814453125,
            "fl_y": 616.5177001953125,
            "cx": 322.56976318359375,
            "cy": 246.27505493164062,
            "w": 640,
            "h": 480,
            "k1": 0.0,
            "k2": 0.0,
            "k3": 0.0,
            "k4": 0.0,
            "p1": 0.0,
            "p2": 0.0,
            "file_path": "img/frame_00021.png",
            "depth_file_path": "depth/frame_00021.npy",
            "transform_matrix": [
                [
                    0.42751856004295175,
                    -0.8979116836469104,
                    -0.1047974440813124,
                    -0.3526033258795957
                ],
                [
                    0.7440310438120006,
                    0.4153355484028182,
                    -0.5233686059505516,
                    -0.31942074971693707
                ],
                [
                    0.5134642569963617,
                    0.145777538226232,
                    0.8456376831459205,
                    0.4020663005780155
                ],
                [
                    0.0,
                    0.0,
                    0.0,
                    1.0
                ]
            ]
        }
    ],
    "ply_file_path": "sparse_pc.ply"
}