{
    "frames": [
        {
            "fl_x": 391.95611572265625,
            "fl_y": 391.51898193359375,
            "cx": 322.07415771484375,
            "cy": 242.04022216796875,
            "w": 640,
            "h": 480,
            "k1": 0.0,
            "k2": 0.0,
            "k3": 0.0,
            "k4": 0.0,
            "p1": 0.0,
            "p2": 0.0,
            "file_path": "img/frame_00001.png",
            "depth_file_path": "depth/frame_00001.npy",
            "transform_matrix": [
                [
                    -0.971435,
                    0.201076,
                    0.126026,
                    -0.172162
                ],
                [
                    -0.090711,
                    -0.805379,
                    0.585778,
                    0.260078
                ],
                [
                    0.219284,
                    0.557614,
                    0.800613,
                    0.415852
                ],
                [
                    0.0,
                    0.0,
                    0.0,
                    1.0
                ]
            ]
        },
        {
            "fl_x": 616.5684814453125,
            "fl_y": 616.5177001953125,
            "cx": 322.56976318359375,
            "cy": 246.27505493164062,
            "w": 640,
            "h": 480,
            "k1": 0.0,
            "k2": 0.0,
            "k3": 0.0,
            "k4": 0.0,
            "p1": 0.0,
            "p2": 0.0,
            "file_path": "img/frame_00002.png",
            "depth_file_path": "depth/frame_00002.npy",
            "transform_matrix": [
                [
                    0.009762423011563843,
                    0.9748429476545447,
                    0.2226794514860791,
                    -0.08858679866161978
                ],
                [
                    -0.9993959103736195,
                    0.016939339993460995,
                    -0.030342808984900212,
                    -0.06732579403753783
                ],
                [
                    -0.03335215098652342,
                    -0.22224847854773924,
                    0.9744195548970503,
                    0.6738146941148412
                ],
                [
                    0.0,
                    0.0,
                    0.0,
                    1.0
                ]
            ]
        },
        {
            "fl_x": 616.5684814453125,
            "fl_y": 616.5177001953125,
            "cx": 322.56976318359375,
            "cy": 246.27505493164062,
            "w": 640,
            "h": 480,
            "k1": 0.0,
            "k2": 0.0,
            "k3": 0.0,
            "k4": 0.0,
            "p1": 0.0,
            "p2": 0.0,
            "file_path": "img/frame_00003.png",
            "depth_file_path": "depth/frame_00003.npy",
            "transform_matrix": [
                [
                    0.08123332743093638,
                    0.9749762331740167,
                    0.2069364746086475,
                    -0.11739816688240282
                ],
                [
                    -0.9953870679636808,
                    0.089991940155862,
                    -0.033253853886779414,
                    -0.09123470819968056
                ],
                [
                    -0.05104496052663398,
                    -0.20328033722126163,
                    0.9777892256592022,
                    0.6625189682403826
                ],
                [
                    0.0,
                    0.0,
                    0.0,
                    1.0
                ]
            ]
        },
        {
            "fl_x": 616.5684814453125,
            "fl_y": 616.5177001953125,
            "cx": 322.56976318359375,
            "cy": 246.27505493164062,
            "w": 640,
            "h": 480,
            "k1": 0.0,
            "k2": 0.0,
            "k3": 0.0,
            "k4": 0.0,
            "p1": 0.0,
            "p2": 0.0,
            "file_path": "img/frame_00004.png",
            "depth_file_path": "depth/frame_00004.npy",
            "transform_matrix": [
                [
                    -0.0167293514298467,
                    0.98278403770562,
                    0.18399960812359792,
                    -0.16636702781021545
                ],
                [
                    -0.9727824354950037,
                    0.02653847766960922,
                    -0.23019477167159194,
                    -0.2525950472803452
                ],
                [
                    -0.23111537928737214,
                    -0.1828424034025426,
                    0.9555913375718859,
                    0.6120107428625664
                ],
                [
                    0.0,
                    0.0,
                    0.0,
                    1.0
                ]
            ]
        },
        {
            "fl_x": 616.5684814453125,
            "fl_y": 616.5177001953125,
            "cx": 322.56976318359375,
            "cy": 246.27505493164062,
            "w": 640,
            "h": 480,
            "k1": 0.0,
            "k2": 0.0,
            "k3": 0.0,
            "k4": 0.0,
            "p1": 0.0,
            "p2": 0.0,
            "file_path": "img/frame_00005.png",
            "depth_file_path": "depth/frame_00005.npy",
            "transform_matrix": [
                [
                    -0.12578611571658843,
                    0.9849446085539594,
                    0.11858372051132213,
                    -0.20027648170511808
                ],
                [
                    -0.9453605933171183,
                    -0.08276466161270665,
                    -0.3153457380394504,
                    -0.29383370872579595
                ],
                [
                    -0.30078407246069266,
                    -0.15177031632246765,
                    0.9415387723652421,
                    0.5819824486541038
                ],
                [
                    0.0,
                    0.0,
                    0.0,
                    1.0
                ]
            ]
        },
        {
            "fl_x": 616.5684814453125,
            "fl_y": 616.5177001953125,
            "cx": 322.56976318359375,
            "cy": 246.27505493164062,
            "w": 640,
            "h": 480,
            "k1": 0.0,
            "k2": 0.0,
            "k3": 0.0,
            "k4": 0.0,
            "p1": 0.0,
            "p2": 0.0,
            "file_path": "img/frame_00006.png",
            "depth_file_path": "depth/frame_00006.npy",
            "transform_matrix": [
                [
                    -0.07298515908075556,
                    0.9973289581128782,
                    -0.002861077291565977,
                    -0.2964264209479872
                ],
                [
                    -0.9353465124651936,
                    -0.06944455464113466,
                    -0.3468485270514467,
                    -0.32198455031046147
                ],
                [
                    -0.34612125725409654,
                    -0.02263853326025569,
                    0.9379169508309221,
                    0.5297631166609345
                ],
                [
                    0.0,
                    0.0,
                    0.0,
                    1.0
                ]
            ]
        },
        {
            "fl_x": 616.5684814453125,
            "fl_y": 616.5177001953125,
            "cx": 322.56976318359375,
            "cy": 246.27505493164062,
            "w": 640,
            "h": 480,
            "k1": 0.0,
            "k2": 0.0,
            "k3": 0.0,
            "k4": 0.0,
            "p1": 0.0,
            "p2": 0.0,
            "file_path": "img/frame_00007.png",
            "depth_file_path": "depth/frame_00007.npy",
            "transform_matrix": [
                [
                    0.005065055002788992,
                    0.9856775817615225,
                    -0.16856475909143998,
                    -0.4256696699265869
                ],
                [
                    -0.9288953089515959,
                    -0.05778502960009359,
                    -0.3658058522296935,
                    -0.2925488056150207
                ],
                [
                    -0.3703075840102896,
                    0.15843198924104093,
                    0.9152990186840322,
                    0.5071126764965612
                ],
                [
                    0.0,
                    0.0,
                    0.0,
                    1.0
                ]
            ]
        },
        {
            "fl_x": 616.5684814453125,
            "fl_y": 616.5177001953125,
            "cx": 322.56976318359375,
            "cy": 246.27505493164062,
            "w": 640,
            "h": 480,
            "k1": 0.0,
            "k2": 0.0,
            "k3": 0.0,
            "k4": 0.0,
            "p1": 0.0,
            "p2": 0.0,
            "file_path": "img/frame_00008.png",
            "depth_file_path": "depth/frame_00008.npy",
            "transform_matrix": [
                [
                    0.08990667887882058,
                    0.9485522570365423,
                    -0.30358762619596763,
                    -0.5161129332284569
                ],
                [
                    -0.9433413601017699,
                    -0.0166549637352462,
                    -0.3314049143679357,
                    -0.23812712479312978
                ],
                [
                    -0.31941152760087316,
                    0.31618242819906867,
                    0.8933116080576134,
                    0.5031568747689596
                ],
                [
                    0.0,
                    0.0,
                    0.0,
                    1.0
                ]
            ]
        },
        {
            "fl_x": 616.5684814453125,
            "fl_y": 616.5177001953125,
            "cx": 322.56976318359375,
            "cy": 246.27505493164062,
            "w": 640,
            "h": 480,
            "k1": 0.0,
            "k2": 0.0,
            "k3": 0.0,
            "k4": 0.0,
            "p1": 0.0,
            "p2": 0.0,
            "file_path": "img/frame_00009.png",
            "depth_file_path": "depth/frame_00009.npy",
            "transform_matrix": [
                [
                    0.08382037873789873,
                    0.8983335128988477,
                    -0.43124362389068543,
                    -0.5683156913337659
                ],
                [
                    -0.98237957549682,
                    0.0019478193905699704,
                    -0.18688557907585956,
                    -0.1688136502557496
                ],
                [
                    -0.16704601253823198,
                    0.4393099198179319,
                    0.8826681201471536,
                    0.498166644820441
                ],
                [
                    0.0,
                    0.0,
                    0.0,
                    1.0
                ]
            ]
        },
        {
            "fl_x": 616.5684814453125,
            "fl_y": 616.5177001953125,
            "cx": 322.56976318359375,
            "cy": 246.27505493164062,
            "w": 640,
            "h": 480,
            "k1": 0.0,
            "k2": 0.0,
            "k3": 0.0,
            "k4": 0.0,
            "p1": 0.0,
            "p2": 0.0,
            "file_path": "img/frame_00010.png",
            "depth_file_path": "depth/frame_00010.npy",
            "transform_matrix": [
                [
                    0.11222230960396952,
                    0.8942816157570326,
                    -0.43320501858455496,
                    -0.5947894204181612
                ],
                [
                    -0.9885647898242735,
                    0.14466736925589105,
                    0.042554347992743866,
                    -0.02574475686281751
                ],
                [
                    0.1007256973013376,
                    0.42347590727167844,
                    0.9002904156310165,
                    0.5316999211610485
                ],
                [
                    0.0,
                    0.0,
                    0.0,
                    1.0
                ]
            ]
        },
        {
            "fl_x": 616.5684814453125,
            "fl_y": 616.5177001953125,
            "cx": 322.56976318359375,
            "cy": 246.27505493164062,
            "w": 640,
            "h": 480,
            "k1": 0.0,
            "k2": 0.0,
            "k3": 0.0,
            "k4": 0.0,
            "p1": 0.0,
            "p2": 0.0,
            "file_path": "img/frame_00011.png",
            "depth_file_path": "depth/frame_00011.npy",
            "transform_matrix": [
                [
                    -0.34892830998457863,
                    0.8818941261254087,
                    -0.31703546716503234,
                    -0.5789646779270768
                ],
                [
                    -0.9062577418602967,
                    -0.23138834783251802,
                    0.353774924208423,
                    0.21449680078727068
                ],
                [
                    0.23863318369326267,
                    0.41075818049168517,
                    0.8799614245509716,
                    0.5093172635524316
                ],
                [
                    0.0,
                    0.0,
                    0.0,
                    1.0
                ]
            ]
        },
        {
            "fl_x": 616.5684814453125,
            "fl_y": 616.5177001953125,
            "cx": 322.56976318359375,
            "cy": 246.27505493164062,
            "w": 640,
            "h": 480,
            "k1": 0.0,
            "k2": 0.0,
            "k3": 0.0,
            "k4": 0.0,
            "p1": 0.0,
            "p2": 0.0,
            "file_path": "img/frame_00012.png",
            "depth_file_path": "depth/frame_00012.npy",
            "transform_matrix": [
                [
                    -0.32166851845571093,
                    0.8974713350764502,
                    -0.30178518902898704,
                    -0.5591265494284399
                ],
                [
                    -0.8869090066050093,
                    -0.17398776003775718,
                    0.42792652160089034,
                    0.2892557716478396
                ],
                [
                    0.33154431798392164,
                    0.40530675064836785,
                    0.8519418318936461,
                    0.4892682111797726
                ],
                [
                    0.0,
                    0.0,
                    0.0,
                    1.0
                ]
            ]
        },
        {
            "fl_x": 616.5684814453125,
            "fl_y": 616.5177001953125,
            "cx": 322.56976318359375,
            "cy": 246.27505493164062,
            "w": 640,
            "h": 480,
            "k1": 0.0,
            "k2": 0.0,
            "k3": 0.0,
            "k4": 0.0,
            "p1": 0.0,
            "p2": 0.0,
            "file_path": "img/frame_00013.png",
            "depth_file_path": "depth/frame_00013.npy",
            "transform_matrix": [
                [
                    0.019435277419911745,
                    0.999598449652901,
                    -0.020622978810016627,
                    -0.23917391104030614
                ],
                [
                    -0.9988352416639723,
                    0.01850088615098291,
                    -0.04456088429102781,
                    -0.06883712508188815
                ],
                [
                    -0.0441620487713711,
                    0.021465244260077582,
                    0.9987939294334958,
                    0.7551070795561743
                ],
                [
                    0.0,
                    0.0,
                    0.0,
                    1.0
                ]
            ]
        },
        {
            "fl_x": 616.5684814453125,
            "fl_y": 616.5177001953125,
            "cx": 322.56976318359375,
            "cy": 246.27505493164062,
            "w": 640,
            "h": 480,
            "k1": 0.0,
            "k2": 0.0,
            "k3": 0.0,
            "k4": 0.0,
            "p1": 0.0,
            "p2": 0.0,
            "file_path": "img/frame_00014.png",
            "depth_file_path": "depth/frame_00014.npy",
            "transform_matrix": [
                [
                    -0.6861056677599331,
                    0.722250061650287,
                    0.08725690379131792,
                    -0.20178663471001884
                ],
                [
                    -0.7237399121018986,
                    -0.6898123173088083,
                    0.018965135406801174,
                    0.0012043821353368706
                ],
                [
                    0.07388781258389787,
                    -0.05013896073123971,
                    0.996005446529664,
                    0.768832824725003
                ],
                [
                    0.0,
                    0.0,
                    0.0,
                    1.0
                ]
            ]
        },
        {
            "fl_x": 616.5684814453125,
            "fl_y": 616.5177001953125,
            "cx": 322.56976318359375,
            "cy": 246.27505493164062,
            "w": 640,
            "h": 480,
            "k1": 0.0,
            "k2": 0.0,
            "k3": 0.0,
            "k4": 0.0,
            "p1": 0.0,
            "p2": 0.0,
            "file_path": "img/frame_00015.png",
            "depth_file_path": "depth/frame_00015.npy",
            "transform_matrix": [
                [
                    -0.9542153369107454,
                    -0.26241060510874653,
                    0.14357538827749802,
                    -0.08207821010759545
                ],
                [
                    0.2739971701589517,
                    -0.9593501741944381,
                    0.06762192012175294,
                    -0.00678054573485512
                ],
                [
                    0.11999374191681605,
                    0.1038653823348407,
                    0.9873265300481969,
                    0.7530096629483078
                ],
                [
                    0.0,
                    0.0,
                    0.0,
                    1.0
                ]
            ]
        },
        {
            "fl_x": 616.5684814453125,
            "fl_y": 616.5177001953125,
            "cx": 322.56976318359375,
            "cy": 246.27505493164062,
            "w": 640,
            "h": 480,
            "k1": 0.0,
            "k2": 0.0,
            "k3": 0.0,
            "k4": 0.0,
            "p1": 0.0,
            "p2": 0.0,
            "file_path": "img/frame_00016.png",
            "depth_file_path": "depth/frame_00016.npy",
            "transform_matrix": [
                [
                    0.7290626856353534,
                    0.6844295244914398,
                    -0.004897589239437976,
                    -0.24452890306283212
                ],
                [
                    -0.6805145488460412,
                    0.7240896095356408,
                    -0.11222235934530053,
                    -0.15864170096951435
                ],
                [
                    -0.07326258098808082,
                    0.08515024025182656,
                    0.9936711975395157,
                    0.7471562101648319
                ],
                [
                    0.0,
                    0.0,
                    0.0,
                    1.0
                ]
            ]
        },
        {
            "fl_x": 616.5684814453125,
            "fl_y": 616.5177001953125,
            "cx": 322.56976318359375,
            "cy": 246.27505493164062,
            "w": 640,
            "h": 480,
            "k1": 0.0,
            "k2": 0.0,
            "k3": 0.0,
            "k4": 0.0,
            "p1": 0.0,
            "p2": 0.0,
            "file_path": "img/frame_00017.png",
            "depth_file_path": "depth/frame_00017.npy",
            "transform_matrix": [
                [
                    0.9989602535584526,
                    0.044792939859027846,
                    0.00847749168456844,
                    -0.17680669743713037
                ],
                [
                    -0.0430275200118495,
                    0.9878534911618355,
                    -0.1493121601010685,
                    -0.20937503999648274
                ],
                [
                    -0.015063229469872453,
                    0.14879238080681426,
                    0.9887539148431687,
                    0.7378448839732464
                ],
                [
                    0.0,
                    0.0,
                    0.0,
                    1.0
                ]
            ]
        },
        {
            "fl_x": 616.5684814453125,
            "fl_y": 616.5177001953125,
            "cx": 322.56976318359375,
            "cy": 246.27505493164062,
            "w": 640,
            "h": 480,
            "k1": 0.0,
            "k2": 0.0,
            "k3": 0.0,
            "k4": 0.0,
            "p1": 0.0,
            "p2": 0.0,
            "file_path": "img/frame_00018.png",
            "depth_file_path": "depth/frame_00018.npy",
            "transform_matrix": [
                [
                    0.8136268847086179,
                    -0.552289285360234,
                    0.18162429293108098,
                    -0.13530489361617265
                ],
                [
                    0.5794351099243142,
                    0.7958896272560967,
                    -0.17554175941295957,
                    -0.20437503461608814
                ],
                [
                    -0.04760359667448584,
                    0.24806520624713516,
                    0.9675732530700132,
                    0.7440926436675814
                ],
                [
                    0.0,
                    0.0,
                    0.0,
                    1.0
                ]
            ]
        },
        {
            "fl_x": 616.5684814453125,
            "fl_y": 616.5177001953125,
            "cx": 322.56976318359375,
            "cy": 246.27505493164062,
            "w": 640,
            "h": 480,
            "k1": 0.0,
            "k2": 0.0,
            "k3": 0.0,
            "k4": 0.0,
            "p1": 0.0,
            "p2": 0.0,
            "file_path": "img/frame_00019.png",
            "depth_file_path": "depth/frame_00019.npy",
            "transform_matrix": [
                [
                    0.10845020770245163,
                    -0.9800757206996796,
                    0.16640341236670192,
                    -0.17294917648137717
                ],
                [
                    0.9854379484410561,
                    0.08393685148616073,
                    -0.1478740259207009,
                    -0.13208992149694898
                ],
                [
                    0.13095976012339655,
                    0.18001746222406848,
                    0.9749069032208777,
                    0.5895441305841216
                ],
                [
                    0.0,
                    0.0,
                    0.0,
                    1.0
                ]
            ]
        },
        {
            "fl_x": 616.5684814453125,
            "fl_y": 616.5177001953125,
            "cx": 322.56976318359375,
            "cy": 246.27505493164062,
            "w": 640,
            "h": 480,
            "k1": 0.0,
            "k2": 0.0,
            "k3": 0.0,
            "k4": 0.0,
            "p1": 0.0,
            "p2": 0.0,
            "file_path": "img/frame_00020.png",
            "depth_file_path": "depth/frame_00020.npy",
            "transform_matrix": [
                [
                    0.10067482198817063,
                    -0.9885731353015519,
                    0.11219506006572046,
                    -0.23046086907417968
                ],
                [
                    0.9850233364839305,
                    0.08317233463144116,
                    -0.15103465141178157,
                    -0.12975679853339978
                ],
                [
                    0.13997665287367056,
                    0.12572039993579234,
                    0.982141077293263,
                    0.49981733945183776
                ],
                [
                    0.0,
                    0.0,
                    0.0,
                    1.0
                ]
            ]
        },
        {
            "fl_x": 616.5684814453125,
            "fl_y": 616.5177001953125,
            "cx": 322.56976318359375,
            "cy": 246.27505493164062,
            "w": 640,
            "h": 480,
            "k1": 0.0,
            "k2": 0.0,
            "k3": 0.0,
            "k4": 0.0,
            "p1": 0.0,
            "p2": 0.0,
            "file_path": "img/frame_00021.png",
            "depth_file_path": "depth/frame_00021.npy",
            "transform_matrix": [
                [
                    0.42753789584515406,
                    -0.8978990024528123,
                    -0.10482721083094611,
                    -0.3526414285197008
                ],
                [
                    0.7439799308335059,
                    0.4153569491796452,
                    -0.5234242800368654,
                    -0.3194238273465317
                ],
                [
                    0.5135222163482998,
                    0.1457946714061336,
                    0.8455995341024579,
                    0.4020234524327373
                ],
                [
                    0.0,
                    0.0,
                    0.0,
                    1.0
                ]
            ]
        }
    ],
    "ply_file_path": "sparse_pc.ply"
}